#format table ## [Custom WaveView] saved 21:51:32 Thu Mar  9 2023
XVAL wp trise tpdr tpdf tpd tfall temper 
 0.000E+00  5.200E+02  2.299E-10  2.313E-10  1.215E-10  1.764E-10  1.145E-10  7.000E+01 
 1.000E+00  5.250E+02  2.130E-10  2.095E-10  1.216E-10  1.656E-10  1.145E-10  7.000E+01 
 2.000E+00  5.300E+02  2.248E-10  2.300E-10  1.217E-10  1.758E-10  1.143E-10  7.000E+01 
 3.000E+00  5.350E+02  2.092E-10  2.071E-10  1.215E-10  1.643E-10  1.147E-10  7.000E+01 
 4.000E+00  5.400E+02  2.084E-10  2.062E-10  1.214E-10  1.638E-10  1.153E-10  7.000E+01 
 5.000E+00  5.450E+02  2.067E-10  2.051E-10  1.213E-10  1.632E-10  1.158E-10  7.000E+01 
 6.000E+00  5.500E+02  2.052E-10  2.041E-10  1.214E-10  1.627E-10  1.159E-10  7.000E+01 
 7.000E+00  5.550E+02  2.036E-10  2.031E-10  1.214E-10  1.623E-10  1.161E-10  7.000E+01 
 8.000E+00  5.600E+02  2.022E-10  2.022E-10  1.215E-10  1.618E-10  1.162E-10  7.000E+01 
 9.000E+00  5.650E+02  2.161E-10  2.053E-10  1.215E-10  1.634E-10  1.164E-10  7.000E+01 
 1.000E+01  5.700E+02  2.148E-10  2.042E-10  1.228E-10  1.635E-10  1.128E-10  7.000E+01 
 1.100E+01  5.750E+02  2.137E-10  2.030E-10  1.230E-10  1.630E-10  1.128E-10  7.000E+01 
 1.200E+01  5.800E+02  2.125E-10  2.020E-10  1.231E-10  1.625E-10  1.128E-10  7.000E+01 
 1.300E+01  5.850E+02  2.113E-10  2.011E-10  1.232E-10  1.621E-10  1.127E-10  7.000E+01 
 1.400E+01  5.900E+02  2.102E-10  2.003E-10  1.233E-10  1.618E-10  1.127E-10  7.000E+01 
 1.500E+01  5.950E+02  2.091E-10  1.995E-10  1.234E-10  1.614E-10  1.127E-10  7.000E+01 
 1.600E+01  6.000E+02  2.079E-10  1.987E-10  1.235E-10  1.611E-10  1.127E-10  7.000E+01 
 1.700E+01  6.050E+02  2.066E-10  1.979E-10  1.236E-10  1.607E-10  1.127E-10  7.000E+01 
 1.800E+01  6.100E+02  2.056E-10  1.972E-10  1.237E-10  1.604E-10  1.127E-10  7.000E+01 
 1.900E+01  6.150E+02  2.046E-10  1.965E-10  1.238E-10  1.601E-10  1.128E-10  7.000E+01 
 2.000E+01  6.200E+02  2.036E-10  1.957E-10  1.239E-10  1.598E-10  1.128E-10  7.000E+01 
 2.100E+01  6.250E+02  2.025E-10  1.952E-10  1.240E-10  1.596E-10  1.128E-10  7.000E+01 
 2.200E+01  6.300E+02  2.015E-10  1.948E-10  1.241E-10  1.595E-10  1.128E-10  7.000E+01 
 2.300E+01  6.350E+02  1.841E-10  1.910E-10  1.242E-10  1.576E-10  1.129E-10  7.000E+01 
 2.400E+01  6.400E+02  1.831E-10  1.904E-10  1.244E-10  1.574E-10  1.129E-10  7.000E+01 
 2.500E+01  6.450E+02  1.823E-10  1.898E-10  1.245E-10  1.571E-10  1.130E-10  7.000E+01 
 2.600E+01  6.500E+02  1.815E-10  1.892E-10  1.246E-10  1.569E-10  1.131E-10  7.000E+01 
 2.700E+01  6.550E+02  1.806E-10  1.886E-10  1.247E-10  1.567E-10  1.131E-10  7.000E+01 
 2.800E+01  6.600E+02  1.797E-10  1.880E-10  1.248E-10  1.564E-10  1.132E-10  7.000E+01 
 2.900E+01  6.650E+02  1.789E-10  1.875E-10  1.250E-10  1.562E-10  1.133E-10  7.000E+01 
 3.000E+01  6.700E+02  1.780E-10  1.869E-10  1.251E-10  1.560E-10  1.134E-10  7.000E+01 
 3.100E+01  6.750E+02  1.771E-10  1.864E-10  1.252E-10  1.558E-10  1.135E-10  7.000E+01 
 3.200E+01  6.800E+02  1.763E-10  1.859E-10  1.254E-10  1.556E-10  1.136E-10  7.000E+01 
 3.300E+01  6.850E+02  1.755E-10  1.854E-10  1.255E-10  1.555E-10  1.137E-10  7.000E+01 
 3.400E+01  6.900E+02  1.992E-10  1.996E-10  1.256E-10  1.626E-10  1.138E-10  7.000E+01 
 3.500E+01  6.950E+02  1.734E-10  1.843E-10  1.258E-10  1.550E-10  1.140E-10  7.000E+01 
 3.600E+01  7.000E+02  1.730E-10  1.839E-10  1.259E-10  1.549E-10  1.141E-10  7.000E+01 
 3.700E+01  7.050E+02  1.721E-10  1.845E-10  1.260E-10  1.553E-10  1.143E-10  7.000E+01 
 3.800E+01  7.100E+02  2.400E-10  1.704E-10  1.262E-10  1.483E-10  1.145E-10  7.000E+01 
 3.900E+01  7.150E+02  1.983E-10  1.802E-10  1.263E-10  1.532E-10  1.146E-10  7.000E+01 
 4.000E+01  7.200E+02  1.884E-10  1.849E-10  1.264E-10  1.557E-10  1.148E-10  7.000E+01 
 4.100E+01  7.250E+02  1.690E-10  1.816E-10  1.266E-10  1.541E-10  1.150E-10  7.000E+01 
 4.200E+01  7.300E+02  1.943E-10  1.830E-10  1.267E-10  1.549E-10  1.152E-10  7.000E+01 
 4.300E+01  7.350E+02  1.928E-10  1.833E-10  1.268E-10  1.551E-10  1.154E-10  7.000E+01 
 4.400E+01  7.400E+02  1.919E-10  1.830E-10  1.270E-10  1.550E-10  1.155E-10  7.000E+01 
 4.500E+01  7.450E+02  1.927E-10  1.816E-10  1.271E-10  1.543E-10  1.157E-10  7.000E+01 
 4.600E+01  7.500E+02  1.780E-10  1.901E-10  1.273E-10  1.587E-10  1.159E-10  7.000E+01 
 4.700E+01  7.550E+02  1.913E-10  1.809E-10  1.274E-10  1.542E-10  1.160E-10  7.000E+01 
 4.800E+01  7.600E+02  1.647E-10  1.788E-10  1.281E-10  1.535E-10  1.241E-10  7.000E+01 
 4.900E+01  7.650E+02  1.825E-10  1.813E-10  1.284E-10  1.548E-10  1.245E-10  7.000E+01 
 5.000E+01  7.700E+02  1.820E-10  1.810E-10  1.285E-10  1.548E-10  1.251E-10  7.000E+01 
 5.100E+01  7.750E+02  1.630E-10  1.777E-10  1.286E-10  1.532E-10  1.256E-10  7.000E+01 
 5.200E+01  7.800E+02  1.958E-10  1.917E-10  1.286E-10  1.601E-10  1.258E-10  7.000E+01 
 5.300E+01  7.850E+02  1.916E-10  1.824E-10  1.282E-10  1.553E-10  1.259E-10  7.000E+01 
 5.400E+01  7.900E+02  1.794E-10  1.788E-10  1.279E-10  1.534E-10  1.259E-10  7.000E+01 
 5.500E+01  7.950E+02  1.789E-10  1.785E-10  1.276E-10  1.531E-10  1.257E-10  7.000E+01 
 5.600E+01  8.000E+02  1.784E-10  1.782E-10  1.274E-10  1.528E-10  1.255E-10  7.000E+01 
 5.700E+01  8.050E+02  1.780E-10  1.778E-10  1.271E-10  1.524E-10  1.255E-10  7.000E+01 
 5.800E+01  8.100E+02  1.595E-10  1.753E-10  1.269E-10  1.511E-10  1.253E-10  7.000E+01 
 5.900E+01  8.150E+02  1.589E-10  1.750E-10  1.268E-10  1.509E-10  1.271E-10  7.000E+01 
 6.000E+01  8.200E+02  1.584E-10  1.747E-10  1.270E-10  1.508E-10  1.264E-10  7.000E+01 
 6.100E+01  8.250E+02  1.580E-10  1.744E-10  1.272E-10  1.508E-10  1.258E-10  7.000E+01 
 6.200E+01  8.300E+02  1.576E-10  1.741E-10  1.273E-10  1.507E-10  1.251E-10  7.000E+01 
 6.300E+01  8.350E+02  1.578E-10  1.780E-10  1.275E-10  1.528E-10  1.244E-10  7.000E+01 
 6.400E+01  8.400E+02  1.743E-10  1.758E-10  1.278E-10  1.518E-10  1.236E-10  7.000E+01 
 6.500E+01  8.450E+02  1.564E-10  1.733E-10  1.280E-10  1.506E-10  1.229E-10  7.000E+01 
 6.600E+01  8.500E+02  1.848E-10  1.710E-10  1.282E-10  1.496E-10  1.231E-10  7.000E+01 
 6.700E+01  8.550E+02  1.553E-10  1.727E-10  1.284E-10  1.506E-10  1.232E-10  7.000E+01 
 6.800E+01  8.600E+02  1.548E-10  1.724E-10  1.287E-10  1.505E-10  1.233E-10  7.000E+01 
 6.900E+01  8.650E+02  1.544E-10  1.722E-10  1.289E-10  1.505E-10  1.234E-10  7.000E+01 
 7.000E+01  8.700E+02  1.540E-10  1.719E-10  1.291E-10  1.505E-10  1.238E-10  7.000E+01 
 7.100E+01  8.750E+02  1.854E-10  1.732E-10  1.294E-10  1.513E-10  1.242E-10  7.000E+01 
 7.200E+01  8.800E+02  1.534E-10  1.715E-10  1.296E-10  1.505E-10  1.246E-10  7.000E+01 
 7.300E+01  8.850E+02  1.875E-10  1.738E-10  1.298E-10  1.518E-10  1.250E-10  7.000E+01 
 7.400E+01  8.900E+02  1.526E-10  1.710E-10  1.301E-10  1.505E-10  1.254E-10  7.000E+01 
 7.500E+01  8.950E+02  1.812E-10  1.738E-10  1.303E-10  1.521E-10  1.258E-10  7.000E+01 
 7.600E+01  9.000E+02  1.861E-10  1.824E-10  1.305E-10  1.565E-10  1.261E-10  7.000E+01 
 7.700E+01  9.050E+02  1.520E-10  1.698E-10  1.307E-10  1.503E-10  1.264E-10  7.000E+01 
 7.800E+01  9.100E+02  1.511E-10  1.700E-10  1.309E-10  1.505E-10  1.266E-10  7.000E+01 
 7.900E+01  9.150E+02  1.507E-10  1.698E-10  1.311E-10  1.505E-10  1.268E-10  7.000E+01 
 8.000E+01  9.200E+02  1.503E-10  1.696E-10  1.313E-10  1.504E-10  1.270E-10  7.000E+01 
 8.100E+01  9.250E+02  1.499E-10  1.693E-10  1.315E-10  1.504E-10  1.273E-10  7.000E+01 
 8.200E+01  9.300E+02  1.496E-10  1.691E-10  1.317E-10  1.504E-10  1.275E-10  7.000E+01 
 8.300E+01  9.350E+02  1.585E-10  1.731E-10  1.319E-10  1.525E-10  1.277E-10  7.000E+01 
 8.400E+01  9.400E+02  1.489E-10  1.687E-10  1.321E-10  1.504E-10  1.279E-10  7.000E+01 
 8.500E+01  9.450E+02  1.486E-10  1.685E-10  1.323E-10  1.504E-10  1.281E-10  7.000E+01 
 8.600E+01  9.500E+02  1.483E-10  1.683E-10  1.325E-10  1.504E-10  1.283E-10  7.000E+01 
 8.700E+01  9.550E+02  1.479E-10  1.681E-10  1.327E-10  1.504E-10  1.285E-10  7.000E+01 
 8.800E+01  9.600E+02  1.476E-10  1.680E-10  1.329E-10  1.504E-10  1.287E-10  7.000E+01 
 8.900E+01  9.650E+02  1.806E-10  1.737E-10  1.331E-10  1.534E-10  1.289E-10  7.000E+01 
 9.000E+01  9.700E+02  1.753E-10  1.702E-10  1.333E-10  1.518E-10  1.291E-10  7.000E+01 
 9.100E+01  9.750E+02  1.467E-10  1.674E-10  1.335E-10  1.504E-10  1.293E-10  7.000E+01 
 9.200E+01  9.800E+02  1.464E-10  1.672E-10  1.337E-10  1.504E-10  1.295E-10  7.000E+01 
 9.300E+01  9.850E+02  1.461E-10  1.670E-10  1.339E-10  1.504E-10  1.297E-10  7.000E+01 
 9.400E+01  9.900E+02  1.458E-10  1.669E-10  1.341E-10  1.505E-10  1.299E-10  7.000E+01 
 9.500E+01  9.950E+02  1.455E-10  1.667E-10  1.343E-10  1.505E-10  1.301E-10  7.000E+01 
 9.600E+01  1.000E+03  1.452E-10  1.665E-10  1.344E-10  1.505E-10  1.303E-10  7.000E+01 
 9.700E+01  1.005E+03  1.449E-10  1.664E-10  1.346E-10  1.505E-10  1.305E-10  7.000E+01 
 9.800E+01  1.010E+03  2.336E-10  1.464E-10  1.348E-10  1.406E-10  1.307E-10  7.000E+01 
 9.900E+01  1.015E+03  1.458E-10  1.684E-10  1.350E-10  1.517E-10  1.309E-10  7.000E+01 
 1.000E+02  1.020E+03  1.742E-10  1.688E-10  1.352E-10  1.520E-10  1.311E-10  7.000E+01 
 1.010E+02  1.025E+03  1.714E-10  1.681E-10  1.354E-10  1.517E-10  1.313E-10  7.000E+01 
 1.020E+02  1.030E+03  1.710E-10  1.674E-10  1.356E-10  1.515E-10  1.315E-10  7.000E+01 
 1.030E+02  1.035E+03  1.701E-10  1.666E-10  1.358E-10  1.512E-10  1.317E-10  7.000E+01 
 1.040E+02  1.040E+03  1.689E-10  1.660E-10  1.360E-10  1.510E-10  1.319E-10  7.000E+01 
 1.050E+02  1.045E+03  1.712E-10  1.655E-10  1.362E-10  1.509E-10  1.321E-10  7.000E+01 
 1.060E+02  1.050E+03  1.716E-10  1.650E-10  1.364E-10  1.507E-10  1.323E-10  7.000E+01 
 1.070E+02  1.055E+03  1.542E-10  1.712E-10  1.366E-10  1.539E-10  1.326E-10  7.000E+01 
 1.080E+02  1.060E+03  1.708E-10  1.650E-10  1.368E-10  1.509E-10  1.328E-10  7.000E+01 
 1.090E+02  1.065E+03  1.507E-10  1.709E-10  1.370E-10  1.540E-10  1.330E-10  7.000E+01 
 1.100E+02  1.070E+03  1.512E-10  1.707E-10  1.372E-10  1.539E-10  1.332E-10  7.000E+01 
 1.110E+02  1.075E+03  1.577E-10  1.732E-10  1.374E-10  1.553E-10  1.334E-10  7.000E+01 
 1.120E+02  1.080E+03  1.432E-10  1.667E-10  1.376E-10  1.521E-10  1.337E-10  7.000E+01 
 1.130E+02  1.085E+03  1.440E-10  1.644E-10  1.378E-10  1.511E-10  1.339E-10  7.000E+01 
 1.140E+02  1.090E+03  1.435E-10  1.673E-10  1.380E-10  1.526E-10  1.341E-10  7.000E+01 
 1.150E+02  1.095E+03  1.427E-10  1.664E-10  1.382E-10  1.523E-10  1.343E-10  7.000E+01 
 1.160E+02  1.100E+03  1.422E-10  1.657E-10  1.384E-10  1.520E-10  1.346E-10  7.000E+01 
 1.170E+02  1.105E+03  2.061E-10  1.515E-10  1.386E-10  1.451E-10  1.348E-10  7.000E+01 
 1.180E+02  1.110E+03  1.658E-10  1.709E-10  1.388E-10  1.548E-10  1.350E-10  7.000E+01 
 1.190E+02  1.115E+03  1.798E-10  1.618E-10  1.390E-10  1.504E-10  1.353E-10  7.000E+01 
 1.200E+02  1.120E+03  1.416E-10  1.654E-10  1.392E-10  1.523E-10  1.355E-10  7.000E+01 
 1.210E+02  1.125E+03  1.414E-10  1.662E-10  1.394E-10  1.528E-10  1.357E-10  7.000E+01 
 1.220E+02  1.130E+03  1.418E-10  1.634E-10  1.396E-10  1.515E-10  1.360E-10  7.000E+01 
 1.230E+02  1.135E+03  1.399E-10  1.631E-10  1.398E-10  1.514E-10  1.362E-10  7.000E+01 
 1.240E+02  1.140E+03  1.393E-10  1.631E-10  1.400E-10  1.515E-10  1.364E-10  7.000E+01 
 1.250E+02  1.145E+03  1.742E-10  1.652E-10  1.402E-10  1.527E-10  1.367E-10  7.000E+01 
 1.260E+02  1.150E+03  1.456E-10  1.657E-10  1.403E-10  1.530E-10  1.369E-10  7.000E+01 
 1.270E+02  1.155E+03  1.378E-10  1.626E-10  1.405E-10  1.516E-10  1.372E-10  7.000E+01 
 1.280E+02  1.160E+03  1.377E-10  1.626E-10  1.407E-10  1.517E-10  1.374E-10  7.000E+01 
 1.290E+02  1.165E+03  1.379E-10  1.626E-10  1.409E-10  1.518E-10  1.376E-10  7.000E+01 
 1.300E+02  1.170E+03  1.375E-10  1.624E-10  1.412E-10  1.518E-10  1.378E-10  7.000E+01 
 1.310E+02  1.175E+03  1.389E-10  1.622E-10  1.415E-10  1.518E-10  1.380E-10  7.000E+01 
 1.320E+02  1.180E+03  1.499E-10  1.670E-10  1.418E-10  1.544E-10  1.382E-10  7.000E+01 
 1.330E+02  1.185E+03  1.726E-10  1.651E-10  1.422E-10  1.536E-10  1.384E-10  7.000E+01 
 1.340E+02  1.190E+03  1.392E-10  1.615E-10  1.428E-10  1.522E-10  1.386E-10  7.000E+01 
 1.350E+02  1.195E+03  1.384E-10  1.620E-10  1.435E-10  1.528E-10  1.393E-10  7.000E+01 
 1.360E+02  1.200E+03  1.384E-10  1.621E-10  1.441E-10  1.531E-10  1.366E-10  7.000E+01 
 1.370E+02  1.205E+03  1.367E-10  1.618E-10  1.447E-10  1.533E-10  1.372E-10  7.000E+01 
 1.380E+02  1.210E+03  1.368E-10  1.618E-10  1.453E-10  1.535E-10  1.377E-10  7.000E+01 
 1.390E+02  1.215E+03  1.649E-10  1.635E-10  1.458E-10  1.546E-10  1.380E-10  7.000E+01 
 1.400E+02  1.220E+03  1.381E-10  1.612E-10  1.462E-10  1.537E-10  1.383E-10  7.000E+01 
 1.410E+02  1.225E+03  1.429E-10  1.643E-10  1.465E-10  1.554E-10  1.386E-10  7.000E+01 
 1.420E+02  1.230E+03  1.375E-10  1.612E-10  1.468E-10  1.540E-10  1.388E-10  7.000E+01 
 1.430E+02  1.235E+03  1.368E-10  1.615E-10  1.470E-10  1.542E-10  1.391E-10  7.000E+01 
 1.440E+02  1.240E+03  1.642E-10  1.631E-10  1.471E-10  1.551E-10  1.389E-10  7.000E+01 
 1.450E+02  1.245E+03  1.371E-10  1.631E-10  1.469E-10  1.550E-10  1.382E-10  7.000E+01 
 1.460E+02  1.250E+03  1.370E-10  1.614E-10  1.467E-10  1.541E-10  1.373E-10  7.000E+01 
 1.470E+02  1.255E+03  1.660E-10  1.634E-10  1.466E-10  1.550E-10  1.384E-10  7.000E+01 
 1.480E+02  1.260E+03  1.364E-10  1.612E-10  1.463E-10  1.538E-10  1.391E-10  7.000E+01 
 1.490E+02  1.265E+03  1.354E-10  1.610E-10  1.461E-10  1.535E-10  1.390E-10  7.000E+01 
 1.500E+02  1.270E+03  1.361E-10  1.611E-10  1.460E-10  1.535E-10  1.394E-10  7.000E+01 
 1.510E+02  1.275E+03  1.363E-10  1.611E-10  1.462E-10  1.536E-10  1.402E-10  7.000E+01 
 1.520E+02  1.280E+03  1.362E-10  1.610E-10  1.464E-10  1.537E-10  1.407E-10  7.000E+01 
 1.530E+02  1.285E+03  1.350E-10  1.607E-10  1.467E-10  1.537E-10  1.408E-10  7.000E+01 
 1.540E+02  1.290E+03  1.349E-10  1.607E-10  1.469E-10  1.538E-10  1.411E-10  7.000E+01 
 1.550E+02  1.295E+03  1.632E-10  1.626E-10  1.471E-10  1.549E-10  1.416E-10  7.000E+01 
 1.560E+02  1.300E+03  1.626E-10  1.624E-10  1.474E-10  1.549E-10  1.418E-10  7.000E+01 
 1.570E+02  1.305E+03  1.625E-10  1.623E-10  1.477E-10  1.550E-10  1.419E-10  7.000E+01 
 1.580E+02  1.310E+03  1.627E-10  1.622E-10  1.479E-10  1.551E-10  1.419E-10  7.000E+01 
 1.590E+02  1.315E+03  1.350E-10  1.605E-10  1.483E-10  1.544E-10  1.412E-10  7.000E+01 
 1.600E+02  1.320E+03  1.350E-10  1.604E-10  1.486E-10  1.545E-10  1.417E-10  7.000E+01 
 1.610E+02  1.325E+03  1.413E-10  1.627E-10  1.489E-10  1.558E-10  1.419E-10  7.000E+01 
 1.620E+02  1.330E+03  1.341E-10  1.602E-10  1.492E-10  1.547E-10  1.414E-10  7.000E+01 
 1.630E+02  1.335E+03  1.347E-10  1.603E-10  1.495E-10  1.549E-10  1.416E-10  7.000E+01 
 1.640E+02  1.340E+03  1.349E-10  1.601E-10  1.497E-10  1.549E-10  1.415E-10  7.000E+01 
 1.650E+02  1.345E+03  1.609E-10  1.618E-10  1.500E-10  1.559E-10  1.417E-10  7.000E+01 
 1.660E+02  1.350E+03  1.340E-10  1.601E-10  1.502E-10  1.552E-10  1.411E-10  7.000E+01 
 1.670E+02  1.355E+03  1.342E-10  1.601E-10  1.505E-10  1.553E-10  1.412E-10  7.000E+01 
 1.680E+02  1.360E+03  1.340E-10  1.601E-10  1.507E-10  1.554E-10  1.417E-10  7.000E+01 
 1.690E+02  1.365E+03  1.338E-10  1.601E-10  1.509E-10  1.555E-10  1.420E-10  7.000E+01 
 1.700E+02  1.370E+03  1.337E-10  1.600E-10  1.511E-10  1.556E-10  1.423E-10  7.000E+01 
 1.710E+02  1.375E+03  1.336E-10  1.600E-10  1.514E-10  1.557E-10  1.425E-10  7.000E+01 
 1.720E+02  1.380E+03  1.334E-10  1.599E-10  1.516E-10  1.557E-10  1.429E-10  7.000E+01 
 1.730E+02  1.385E+03  1.332E-10  1.599E-10  1.517E-10  1.558E-10  1.433E-10  7.000E+01 
 1.740E+02  1.390E+03  1.336E-10  1.598E-10  1.519E-10  1.558E-10  1.437E-10  7.000E+01 
 1.750E+02  1.395E+03  1.337E-10  1.598E-10  1.521E-10  1.559E-10  1.441E-10  7.000E+01 
 1.760E+02  1.400E+03  1.331E-10  1.598E-10  1.523E-10  1.560E-10  1.444E-10  7.000E+01 
 1.770E+02  1.405E+03  1.329E-10  1.596E-10  1.525E-10  1.560E-10  1.446E-10  7.000E+01 
 1.780E+02  1.410E+03  1.605E-10  1.612E-10  1.526E-10  1.569E-10  1.448E-10  7.000E+01 
 1.790E+02  1.415E+03  1.596E-10  1.605E-10  1.528E-10  1.566E-10  1.450E-10  7.000E+01 
 1.800E+02  1.420E+03  1.327E-10  1.597E-10  1.530E-10  1.563E-10  1.452E-10  7.000E+01 
 1.810E+02  1.425E+03  1.334E-10  1.595E-10  1.531E-10  1.563E-10  1.452E-10  7.000E+01 
 1.820E+02  1.430E+03  1.562E-10  1.602E-10  1.533E-10  1.568E-10  1.452E-10  7.000E+01 
 1.830E+02  1.435E+03  1.583E-10  1.602E-10  1.534E-10  1.568E-10  1.453E-10  7.000E+01 
 1.840E+02  1.440E+03  1.599E-10  1.605E-10  1.536E-10  1.570E-10  1.455E-10  7.000E+01 
 1.850E+02  1.445E+03  1.596E-10  1.609E-10  1.538E-10  1.573E-10  1.460E-10  7.000E+01 
 1.860E+02  1.450E+03  1.325E-10  1.591E-10  1.539E-10  1.565E-10  1.464E-10  7.000E+01 
 1.870E+02  1.455E+03  1.323E-10  1.592E-10  1.541E-10  1.566E-10  1.468E-10  7.000E+01 
 1.880E+02  1.460E+03  1.322E-10  1.592E-10  1.543E-10  1.567E-10  1.472E-10  7.000E+01 
 1.890E+02  1.465E+03  1.321E-10  1.592E-10  1.544E-10  1.568E-10  1.476E-10  7.000E+01 
 1.900E+02  1.470E+03  1.320E-10  1.591E-10  1.546E-10  1.569E-10  1.479E-10  7.000E+01 
 1.910E+02  1.475E+03  1.320E-10  1.591E-10  1.548E-10  1.569E-10  1.482E-10  7.000E+01 
 1.920E+02  1.480E+03  1.319E-10  1.591E-10  1.549E-10  1.570E-10  1.486E-10  7.000E+01 
 1.930E+02  1.485E+03  1.319E-10  1.590E-10  1.551E-10  1.571E-10  1.489E-10  7.000E+01 
 1.940E+02  1.490E+03  1.318E-10  1.590E-10  1.553E-10  1.571E-10  1.492E-10  7.000E+01 
 1.950E+02  1.495E+03  1.318E-10  1.590E-10  1.554E-10  1.572E-10  1.495E-10  7.000E+01 
 1.960E+02  1.500E+03  1.317E-10  1.589E-10  1.556E-10  1.573E-10  1.498E-10  7.000E+01 
 1.970E+02  1.505E+03  1.317E-10  1.589E-10  1.558E-10  1.573E-10  1.500E-10  7.000E+01 
 1.980E+02  1.510E+03  1.317E-10  1.589E-10  1.560E-10  1.574E-10  1.503E-10  7.000E+01 
 1.990E+02  1.515E+03  1.316E-10  1.588E-10  1.561E-10  1.575E-10  1.506E-10  7.000E+01 
 2.000E+02  1.520E+03  1.316E-10  1.588E-10  1.563E-10  1.576E-10  1.509E-10  7.000E+01 
 2.010E+02  1.525E+03  1.316E-10  1.588E-10  1.565E-10  1.576E-10  1.512E-10  7.000E+01 
 2.020E+02  1.530E+03  1.315E-10  1.587E-10  1.567E-10  1.577E-10  1.515E-10  7.000E+01 
 2.030E+02  1.535E+03  1.315E-10  1.587E-10  1.569E-10  1.578E-10  1.517E-10  7.000E+01 
 2.040E+02  1.540E+03  1.314E-10  1.587E-10  1.571E-10  1.579E-10  1.520E-10  7.000E+01 
 2.050E+02  1.545E+03  1.314E-10  1.587E-10  1.572E-10  1.579E-10  1.523E-10  7.000E+01 
 2.060E+02  1.550E+03  1.314E-10  1.586E-10  1.574E-10  1.580E-10  1.526E-10  7.000E+01 
 2.070E+02  1.555E+03  1.313E-10  1.586E-10  1.576E-10  1.581E-10  1.528E-10  7.000E+01 
 2.080E+02  1.560E+03  1.313E-10  1.586E-10  1.578E-10  1.582E-10  1.531E-10  7.000E+01 
 2.090E+02  1.565E+03  1.313E-10  1.585E-10  1.580E-10  1.583E-10  1.534E-10  7.000E+01 
 2.100E+02  1.570E+03  1.312E-10  1.585E-10  1.582E-10  1.584E-10  1.537E-10  7.000E+01 
 2.110E+02  1.575E+03  1.312E-10  1.585E-10  1.584E-10  1.584E-10  1.539E-10  7.000E+01 
 2.120E+02  1.580E+03  1.312E-10  1.585E-10  1.586E-10  1.585E-10  1.542E-10  7.000E+01 
 2.130E+02  1.585E+03  1.311E-10  1.585E-10  1.588E-10  1.586E-10  1.545E-10  7.000E+01 
 2.140E+02  1.590E+03  1.311E-10  1.584E-10  1.590E-10  1.587E-10  1.548E-10  7.000E+01 
 2.150E+02  1.595E+03  1.311E-10  1.584E-10  1.592E-10  1.588E-10  1.550E-10  7.000E+01 
 2.160E+02  1.600E+03  1.310E-10  1.584E-10  1.594E-10  1.589E-10  1.553E-10  7.000E+01 
