% Matlab M-file converted by [Custom WaveView] saved 15:37:53 Thu Mar  9 2023
TIME = [ 0.000E+00  1.000E-12  2.000E-12  5.200E-12  1.544E-11  4.821E-11  1.531E-10  4.886E-10  1.562E-09  3.000E-09  3.187E-09  3.283E-09  3.588E-09  4.415E-09  4.565E-09  5.915E-09  6.065E-09  7.415E-09  7.565E-09  8.915E-09  9.065E-09  1.042E-08  1.057E-08  1.192E-08  1.207E-08  1.250E-08  1.271E-08  1.309E-08  1.336E-08  1.343E-08  1.352E-08  1.357E-08  1.366E-08  1.400E-08  1.403E-08  1.415E-08  1.436E-08  1.439E-08  1.458E-08  1.459E-08  1.472E-08  1.479E-08  1.484E-08  1.488E-08  1.532E-08  1.548E-08  1.562E-08  1.588E-08  1.602E-08  1.616E-08  1.627E-08  1.634E-08  1.642E-08  1.674E-08  1.736E-08  1.738E-08  1.738E-08  1.751E-08  1.766E-08  1.775E-08  1.784E-08  1.807E-08  1.831E-08  1.862E-08  1.867E-08  1.886E-08  1.913E-08  1.916E-08  1.924E-08  1.934E-08  1.935E-08  1.981E-08  2.007E-08  2.014E-08  2.050E-08  2.059E-08  2.061E-08  2.061E-08  2.064E-08  2.064E-08  2.067E-08  2.069E-08  2.070E-08  2.071E-08  2.078E-08  2.079E-08  2.081E-08  2.083E-08  2.093E-08  2.097E-08  2.108E-08  2.111E-08  2.124E-08  2.136E-08  2.138E-08  2.163E-08  2.188E-08  2.197E-08  2.203E-08  2.210E-08  2.225E-08  2.262E-08  2.293E-08  2.313E-08  2.342E-08  2.347E-08  2.353E-08  2.353E-08  2.380E-08  2.463E-08  2.468E-08  2.482E-08  2.492E-08  2.497E-08  2.503E-08  2.605E-08  2.613E-08  2.618E-08  2.642E-08  2.647E-08  2.653E-08  2.755E-08  2.763E-08  2.768E-08  2.792E-08  2.797E-08  2.803E-08  2.905E-08  2.913E-08  2.918E-08  2.942E-08  2.947E-08  2.953E-08  3.000E-08 ];
xi0__hier__xm1__hier__isub__s__ = [ 5.285E-12  5.285E-12  5.285E-12  5.285E-12  5.285E-12  5.285E-12 
 5.286E-12  5.285E-12  5.285E-12  5.285E-12  5.285E-12  5.285E-12 
 5.286E-12  5.286E-12  5.285E-12  5.285E-12  5.285E-12  5.285E-12 
 5.286E-12  5.286E-12  5.285E-12  5.285E-12  5.285E-12  5.285E-12 
 5.286E-12  5.286E-12  5.286E-12  5.286E-12  5.286E-12  5.285E-12 
 5.286E-12  5.286E-12  5.286E-12  5.286E-12  5.286E-12  5.286E-12 
 5.286E-12  5.286E-12  5.286E-12  5.286E-12  5.286E-12  5.286E-12 
 5.286E-12  5.286E-12  5.286E-12  5.286E-12  5.286E-12  5.286E-12 
 5.286E-12  5.286E-12  5.286E-12  5.286E-12  5.286E-12  5.286E-12 
 5.286E-12  5.286E-12  5.286E-12  5.286E-12  5.286E-12  5.286E-12 
-9.311E-07 -8.059E-07 -7.344E-07 -6.881E-07 -6.558E-07 -6.318E-07 
-9.624E-07 -9.027E-07 -8.285E-07 -7.728E-07 -7.314E-07 -6.997E-07 
-9.524E-07 -9.605E-07 -9.373E-07 -9.011E-07 -8.647E-07 -8.316E-07 
-9.565E-07 -9.506E-07 -9.513E-07 -9.475E-07 -9.382E-07 -9.253E-07 
-9.553E-07 -9.488E-07 -9.539E-07 -9.559E-07 -9.515E-07 -9.423E-07 
-9.449E-07 -9.428E-07 -9.380E-07 -9.352E-07 -9.335E-07 -9.317E-07 
-9.278E-07 -9.421E-07 -9.363E-07 -9.329E-07 -9.316E-07 -9.305E-07 
-7.738E-07 -7.490E-07 -7.627E-07 -7.728E-07 -7.807E-07 -7.873E-07 
-5.380E-07 -7.276E-07 -7.434E-07 -7.550E-07 -7.640E-07 -7.714E-07 
 1.591E-06  1.573E-06  1.323E-06  1.121E-06  9.543E-07  8.143E-07 
 2.597E-06  1.827E-06  1.552E-06  1.329E-06  1.145E-06  9.899E-07 
 1.168E-05  1.037E-05  8.993E-06  8.020E-06  7.228E-06  6.570E-06 
 1.340E-05  1.131E-05  9.817E-06  8.762E-06  7.902E-06  7.188E-06 
 2.899E-05  2.278E-05  1.933E-05  1.696E-05  1.517E-05  1.375E-05 
 2.801E-05  2.405E-05  2.038E-05  1.787E-05  1.598E-05  1.448E-05 
 2.519E-05  2.102E-05  1.632E-05  1.449E-05  1.312E-05  1.203E-05 
 2.167E-05  1.955E-05  1.435E-05  1.285E-05  1.173E-05  1.084E-05 
 1.546E-05  1.348E-05  1.087E-05  9.947E-06  9.277E-06  8.736E-06 
 1.103E-05  9.035E-06  8.324E-06  7.825E-06  7.482E-06  7.199E-06 
 9.868E-06  8.397E-06  7.653E-06  7.266E-06  7.010E-06  6.794E-06 
 8.626E-06  7.570E-06  6.784E-06  6.542E-06  6.397E-06  6.270E-06 
 8.091E-06  7.215E-06  6.534E-06  6.231E-06  6.134E-06  6.044E-06 
 6.764E-06  6.331E-06  5.914E-06  5.706E-06  5.655E-06  5.604E-06 
 3.830E-06  3.386E-06  3.847E-06  3.956E-06  4.060E-06  4.136E-06 
 3.632E-06  3.117E-06  3.658E-06  3.797E-06  3.915E-06  4.002E-06 
 2.804E-06  2.696E-06  2.867E-06  3.127E-06  3.304E-06  3.440E-06 
 1.876E-06  2.027E-06  1.609E-06  2.062E-06  2.334E-06  2.547E-06 
 1.783E-06  1.932E-06  1.429E-06  1.910E-06  2.195E-06  2.419E-06 
 1.153E-06  1.288E-06  1.180E-06  8.868E-07  1.262E-06  1.561E-06 
 1.112E-06  1.246E-06  1.164E-06  8.776E-07  1.201E-06  1.505E-06 
 8.784E-07  8.430E-07  1.007E-06  7.890E-07  6.159E-07  9.665E-07 
 7.266E-07  5.806E-07  9.055E-07  7.314E-07  5.776E-07  6.163E-07 
 6.475E-07  5.532E-07  8.525E-07  7.014E-07  5.576E-07  4.337E-07 
 5.710E-07  5.267E-07  8.012E-07  6.723E-07  5.383E-07  4.197E-07 
 1.390E-07  2.339E-07  2.343E-07  3.512E-07  3.246E-07  2.650E-07 
 9.894E-08  1.281E-07  2.962E-08  2.353E-07  2.475E-07  2.092E-07 
 6.412E-08  3.620E-08  1.286E-08  1.345E-07  1.804E-07  1.606E-07 
-1.977E-09 -5.298E-08 -1.895E-08 -5.682E-08  5.310E-08  6.844E-08 
-3.716E-08 -1.004E-07 -3.589E-08 -6.495E-08 -1.466E-08  1.938E-08 
-7.167E-08 -1.005E-07 -5.250E-08 -7.293E-08 -8.113E-08 -2.875E-08 
-9.986E-08 -1.005E-07 -6.607E-08 -7.945E-08 -8.639E-08 -6.805E-08 
-1.022E-07 -1.005E-07 -7.408E-08 -8.329E-08 -8.949E-08 -9.125E-08 
-1.052E-07 -1.005E-07 -8.402E-08 -8.806E-08 -9.334E-08 -9.467E-08 
-1.167E-07 -1.155E-07 -1.228E-07 -1.067E-07 -1.084E-07 -1.080E-07 
-1.388E-07 -1.443E-07 -1.368E-07 -1.426E-07 -1.373E-07 -1.337E-07 
-1.388E-07 -1.453E-07 -1.373E-07 -1.438E-07 -1.383E-07 -1.346E-07 
-1.388E-07 -1.453E-07 -1.374E-07 -1.438E-07 -1.384E-07 -1.346E-07 
-1.386E-07 -1.406E-07 -1.402E-07 -1.428E-07 -1.443E-07 -1.399E-07 
-1.384E-07 -1.350E-07 -1.391E-07 -1.415E-07 -1.513E-07 -1.461E-07 
-1.382E-07 -1.315E-07 -1.384E-07 -1.407E-07 -1.500E-07 -1.500E-07 
-1.381E-07 -1.332E-07 -1.377E-07 -1.400E-07 -1.487E-07 -1.536E-07 
-1.378E-07 -1.377E-07 -1.359E-07 -1.380E-07 -1.452E-07 -1.496E-07 
-1.374E-07 -1.424E-07 -1.375E-07 -1.360E-07 -1.417E-07 -1.455E-07 
-1.370E-07 -1.399E-07 -1.396E-07 -1.335E-07 -1.372E-07 -1.403E-07 
-1.369E-07 -1.395E-07 -1.400E-07 -1.341E-07 -1.365E-07 -1.394E-07 
-1.366E-07 -1.380E-07 -1.392E-07 -1.362E-07 -1.337E-07 -1.362E-07 
-1.371E-07 -1.358E-07 -1.380E-07 -1.394E-07 -1.297E-07 -1.315E-07 
-1.372E-07 -1.359E-07 -1.379E-07 -1.397E-07 -1.293E-07 -1.311E-07 
-1.373E-07 -1.362E-07 -1.375E-07 -1.406E-07 -1.306E-07 -1.297E-07 
-1.375E-07 -1.365E-07 -1.378E-07 -1.418E-07 -1.321E-07 -1.281E-07 
-1.376E-07 -1.365E-07 -1.379E-07 -1.419E-07 -1.323E-07 -1.283E-07 
-1.385E-07 -1.381E-07 -1.392E-07 -1.383E-07 -1.396E-07 -1.352E-07 
-1.390E-07 -1.389E-07 -1.388E-07 -1.363E-07 -1.437E-07 -1.391E-07 
-1.391E-07 -1.392E-07 -1.387E-07 -1.369E-07 -1.447E-07 -1.401E-07 
-1.398E-07 -1.404E-07 -1.381E-07 -1.400E-07 -1.345E-07 -1.455E-07 
-7.581E-08 -7.610E-08 -5.402E-08 -1.711E-12 -3.342E-08 -3.316E-08 
-5.691E-08 -5.713E-08 -2.920E-08  1.918E-12 -3.599E-09 -1.038E-12 
-5.463E-08 -5.484E-08 -2.620E-08  2.356E-12 -5.034E-13 -8.142E-13 
-3.578E-08 -3.592E-08 -1.447E-09  5.975E-12  2.205E-12  1.035E-12 
-3.468E-08 -3.481E-08  1.436E-13  5.931E-12  2.363E-12  1.143E-12 
-1.601E-08 -1.607E-08  1.836E-12  5.185E-12  5.047E-12  2.975E-12 
 8.049E-13  7.966E-13  3.287E-12  4.545E-12  4.570E-12  4.545E-12 
 1.090E-12  1.107E-12  3.842E-12  4.300E-12  4.387E-12  5.146E-12 
 1.561E-12  1.620E-12  4.759E-12  3.896E-12  4.086E-12  4.942E-12 
 4.044E-12  4.324E-12  3.752E-12  1.763E-12  2.497E-12  3.867E-12 
 4.319E-12  4.262E-12  3.640E-12  1.527E-12  2.321E-12  3.748E-12 
 4.156E-12  4.085E-12  3.323E-12  8.556E-13  1.820E-12  3.409E-12 
 4.008E-12  3.923E-12  3.034E-12  9.831E-13  1.365E-12  3.101E-12 
 3.314E-12  3.168E-12  1.683E-12  1.580E-12  1.957E-12  1.659E-12 
 3.036E-12  2.865E-12  1.796E-12  1.820E-12  2.194E-12  1.081E-12 
 2.217E-12  1.973E-12  2.128E-12  2.524E-12  2.892E-12  1.842E-12 
 1.977E-12  2.027E-12  2.225E-12  2.731E-12  3.097E-12  2.065E-12 
 2.201E-12  2.229E-12  2.586E-12  3.496E-12  3.855E-12  2.890E-12 
 2.430E-12  2.435E-12  2.954E-12  4.276E-12  3.539E-12  3.730E-12 
 2.470E-12  2.471E-12  3.018E-12  4.220E-12  3.483E-12  3.878E-12 
 2.915E-12  2.871E-12  3.734E-12  3.598E-12  2.866E-12  3.282E-12 
 3.370E-12  3.279E-12  3.507E-12  2.964E-12  2.236E-12  2.673E-12 
 3.538E-12  3.431E-12  3.423E-12  2.729E-12  2.372E-12  2.448E-12 
 3.492E-12  3.541E-12  3.362E-12  2.558E-12  2.472E-12  2.284E-12 
 3.443E-12  3.492E-12  3.299E-12  2.381E-12  2.574E-12  2.114E-12 
 3.340E-12  3.389E-12  3.163E-12  2.002E-12  2.794E-12  2.339E-12 
 3.083E-12  3.130E-12  2.825E-12  2.485E-12  3.343E-12  2.903E-12 
 2.869E-12  2.916E-12  2.544E-12  2.886E-12  3.098E-12  3.369E-12 
 2.734E-12  2.780E-12  2.367E-12  3.139E-12  2.942E-12  3.191E-12 
 2.531E-12  2.576E-12  2.545E-12  3.521E-12  2.708E-12  2.924E-12 
 2.497E-12  2.542E-12  2.574E-12  3.488E-12  2.669E-12  2.879E-12 
 2.526E-12  2.498E-12  2.612E-12  3.445E-12  2.619E-12  2.822E-12 
 2.528E-12  2.496E-12  2.615E-12  3.443E-12  2.620E-12  2.818E-12 
 2.651E-12  2.619E-12  2.776E-12  3.264E-12  2.733E-12  2.575E-12 
 3.033E-12  3.003E-12  3.278E-12  2.706E-12  3.085E-12  3.021E-12 
 3.058E-12  3.027E-12  3.257E-12  2.670E-12  3.108E-12  3.050E-12 
 3.122E-12  3.092E-12  3.200E-12  2.577E-12  3.078E-12  3.125E-12 
 3.169E-12  3.139E-12  3.160E-12  2.509E-12  3.056E-12  3.096E-12 
 3.191E-12  3.161E-12  3.140E-12  2.531E-12  3.045E-12  3.082E-12 
 3.171E-12  3.192E-12  3.113E-12  2.561E-12  3.031E-12  3.062E-12 
 2.858E-12  2.879E-12  2.703E-12  3.016E-12  2.812E-12  2.768E-12 
 2.834E-12  2.854E-12  2.670E-12  3.052E-12  2.795E-12  2.781E-12 
 2.817E-12  2.838E-12  2.685E-12  3.076E-12  2.784E-12  2.789E-12 
 2.743E-12  2.763E-12  2.750E-12  3.183E-12  2.818E-12  2.828E-12 
 2.728E-12  2.749E-12  2.763E-12  3.169E-12  2.825E-12  2.836E-12 
 2.742E-12  2.728E-12  2.781E-12  3.149E-12  2.835E-12  2.846E-12 
 2.950E-12  2.937E-12  3.054E-12  2.845E-12  2.981E-12  3.009E-12 
 2.967E-12  2.953E-12  3.076E-12  2.821E-12  2.992E-12  3.001E-12 
 2.978E-12  2.964E-12  3.066E-12  2.806E-12  3.000E-12  2.995E-12 
 3.027E-12  3.014E-12  3.023E-12  2.734E-12  2.977E-12  2.970E-12 
 3.037E-12  3.024E-12  3.014E-12  2.743E-12  2.972E-12  2.965E-12 
 3.028E-12  3.037E-12  3.002E-12  2.757E-12  2.966E-12  2.957E-12 
 2.889E-12  2.898E-12  2.820E-12  2.959E-12  2.869E-12  2.849E-12 
 2.878E-12  2.887E-12  2.806E-12  2.975E-12  2.861E-12  2.858E-12 
 2.871E-12  2.880E-12  2.817E-12  2.986E-12  2.856E-12  2.864E-12 
 2.838E-12  2.847E-12  2.866E-12  3.033E-12  2.884E-12  2.891E-12 
 2.831E-12  2.840E-12  2.876E-12  3.017E-12  2.890E-12  2.897E-12 
 2.849E-12  2.831E-12  2.890E-12  2.994E-12  2.897E-12  2.904E-12 
 2.968E-12  2.969E-12  2.986E-12  2.834E-12  2.952E-12  2.956E-12 
];
